Country mean_index n sd_index se_index
Afghanistan 0.401566666666667 30 0.0721242621827239 0.0131680284469649
Albania 0.7029 30 0.0635085386602355 0.0115950197394666
Algeria 0.6793 30 0.0630227928117527 0.0115063350866571
Andorra 0.82815 20 0.0287992598589105 0.00643971027462048
Angola 0.495571428571429 21 0.0655877819632372 0.0143124274052759
Antigua and Barbuda 0.773333333333333 15 0.00587569651393004 0.001517098316388
Arab States 0.638166666666667 30 0.0495720188964628 0.00905057099022167
Argentina 0.7818 30 0.0414998130448635 0.00757679457897296
Armenia 0.684033333333333 30 0.0583056650310469 0.0106451093226148
Australia 0.906233333333333 30 0.0234619035787856 0.00428353794403734
Austria 0.8591 30 0.0397642622429254 0.00725992780433373
Azerbaijan 0.69564 25 0.0514780535762571 0.0102956107152514
Bahamas 0.79515 20 0.005392733902889 0.00120585195914276
Bahrain 0.793833333333333 30 0.0254992675125808 0.00465550800549972
Bangladesh 0.503533333333333 30 0.0703590463430172 0.0128457456022073
Barbados 0.780066666666667 30 0.0287509320188759 0.00524917800534529
Belarus 0.74712 25 0.0602434782085718 0.0120486956417144
Belgium 0.8806 30 0.032199378875997 0.00587877538267963
Belize 0.667933333333333 30 0.0369173665640304 0.00674015814360214
Benin 0.436066666666667 30 0.0576905737434685 0.010532809531571
Bhutan 0.578933333333333 15 0.035186171526136 0.00908503042250149
Bolivia (Plurinational State of) 0.629033333333333 30 0.0480498902602596 0.00877266959373065
Bosnia and Herzegovina 0.7233 20 0.0334004412199032 0.00746856570461896
Botswana 0.626866666666667 30 0.0603574029589911 0.0110197037043562
Brazil 0.698233333333333 30 0.0458300333190255 0.00836738102001454
Brunei Darussalam 0.8162 30 0.0244263848299757 0.00445962732322656
Bulgaria 0.748033333333333 30 0.0449033316737444 0.00819818922161535
Burkina Faso 0.36505 20 0.0511318985823095 0.0114334401048669
Burundi 0.3478 30 0.0585411143468035 0.0106880962897445
Cabo Verde 0.6171 20 0.0296308871565502 0.00662566779156717
Cambodia 0.478066666666667 30 0.0742646401836648 0.0135588062178659
Cameroon 0.479933333333333 30 0.0473868404061524 0.00865161380644899
Canada 0.885333333333333 30 0.0239386188253284 0.00437057384205007
Central African Republic 0.331866666666667 30 0.0280033659717386 0.00511269174293127
Chad 0.36205 20 0.0386257004705689 0.00863696919307377
Chile 0.780233333333333 30 0.0475849029473188 0.00868777491364685
China 0.639166666666667 30 0.0844952899455852 0.0154266587687122
Colombia 0.689566666666667 30 0.0527496908527194 0.00963073186048612
Comoros 0.5058 20 0.0295164539305042 0.00660007974433484
Congo 0.5405 30 0.0407775715906132 0.00744493193348689
Congo (Democratic Republic of the) 0.383566666666667 30 0.0454454453795661 0.00829716519008576
Costa Rica 0.730966666666667 30 0.0435149465668136 0.00794470594109193
Côte d'Ivoire 0.436166666666667 30 0.0418380154910565 0.00763854161523408
Croatia 0.767733333333333 30 0.0595216178250033 0.0108671109139853
Cuba 0.722333333333333 30 0.0492035415976038 0.00898329654738379
Cyprus 0.820166666666667 30 0.0424825183789296 0.00775621120525585
Czechia 0.819966666666667 30 0.0560636850519942 0.0102357816532808
Denmark 0.8822 30 0.0441224002848502 0.00805561130909495
Developing Countries 0.603266666666667 30 0.0569282266411466 0.0103936246300408
Djibouti 0.42088 25 0.0520979206238918 0.0104195841247784
Dominica 0.71785 20 0.0133506357033742 0.00298529289755805
Dominican Republic 0.6731 30 0.0463638905273014 0.00846484956516768
East Asia and the Pacific 0.637766666666667 30 0.0731482591460108 0.0133549838588346
Ecuador 0.6989 30 0.0403171478876309 0.00736087045077574
Egypt 0.631266666666667 30 0.0494095714120902 0.00902091227302139
El Salvador 0.62 30 0.0437043357748089 0.00797928352154762
Equatorial Guinea 0.57225 20 0.0249670835933614 0.00558280961146757
Eritrea 0.429733333333333 15 0.00480277697448744 0.00124007168251589
Estonia 0.805333333333333 30 0.0593524442940488 0.0108362241943064
Eswatini (Kingdom of) 0.520266666666667 30 0.0506365911946696 0.00924493441082934
Ethiopia 0.3936 20 0.0635000207210907 0.0141990362905004
Europe and Central Asia 0.703333333333333 30 0.0500119525943434 0.00913089152693363
Fiji 0.685033333333333 30 0.0238435754859464 0.00435322138174334
Finland 0.8716 30 0.0469758558674854 0.00857657863891105
France 0.8522 30 0.0317353278615923 0.00579405164653877
Gabon 0.6501 30 0.0276210189829262 0.00504288505274237
Gambia 0.403533333333333 30 0.044490009210386 0.00812272720938034
Georgia 0.73175 20 0.0389221557795341 0.00870325861538745
Germany 0.886466666666667 30 0.0450109054474069 0.00821782941575897
Ghana 0.518833333333333 30 0.0495469706324269 0.00904599782380874
Greece 0.8227 30 0.0423158485024554 0.00772578158825534
Grenada 0.7435 18 0.0152325116696068 0.00359033743202739
Guatemala 0.5702 30 0.0558936181663357 0.0102047318300942
Guinea 0.3711 30 0.0629873276800648 0.0114998600691137
Guinea-Bissau 0.434266666666667 15 0.0232485534624251 0.00600275069222568
Guyana 0.616133333333333 30 0.0400747003631394 0.00731660579138397
Haiti 0.454166666666667 30 0.0295087168107339 0.00538752994675696
High human development 0.663166666666667 30 0.0606312104296205 0.0110696938803819
Honduras 0.571366666666667 30 0.0374243912104294 0.00683272775561674
Hong Kong, China (SAR) 0.863833333333333 30 0.0528296438031511 0.00964532920531628
Hungary 0.788233333333333 30 0.0465437749705129 0.00849769182093143
Iceland 0.878366666666667 30 0.0408694163819634 0.00746170042149085
India 0.5379 30 0.0702696039648674 0.0128294157328374
Indonesia 0.626966666666667 30 0.0585358618834367 0.0106871373255217
Iran 0.707133333333333 30 0.0695253530206333 0.0126935347226369
Iraq 0.622633333333333 30 0.0441966478158799 0.00806916699162295
Ireland 0.866833333333333 30 0.0568106858169174 0.0103721647097548
Israel 0.863 30 0.0347642305270508 0.00634705108465848
Italy 0.842066666666667 30 0.0366661859947595 0.00669429905566993
Jamaica 0.6933 30 0.0290079061755524 0.00529609485278116
Japan 0.869633333333333 30 0.0300510867705638 0.00548655270059429
Jordan 0.7035 30 0.0318788114692134 0.00582024804938087
Kazakhstan 0.735033333333333 30 0.0542678436145634 0.00990790736495302
Kenya 0.498366666666667 30 0.048566685994679 0.0088670231541853
Kiribati 0.5959 20 0.0182032385782542 0.00407036788716231
Korea (Republic of) 0.838766666666667 30 0.0563019466395461 0.0102792820686439
Kuwait 0.774666666666667 30 0.0399286720362037 0.00728994478848483
Kyrgyzstan 0.620566666666667 30 0.0343056075976462 0.00626331837671714
Lao People's Democratic Republic 0.504266666666667 30 0.0682090768220736 0.0124532166673508
Latin America and the Caribbean 0.703266666666667 30 0.0421450151127102 0.00769459182120918
Latvia 0.769733333333333 30 0.0683903266669285 0.0124863082102079
Least Developed Countries 0.4382 30 0.062437499784267 0.011399475688689
Lebanon 0.736 15 0.010035650736962 0.00259119387817387
Lesotho 0.469066666666667 30 0.0269238175974914 0.00491559407743353
Liberia 0.437571428571429 21 0.0272113421730194 0.00593800167948598
Libya 0.719666666666667 30 0.0249804521277288 0.00456078570901165
Liechtenstein 0.8977 20 0.0175861787836507 0.00393238912247076
Lithuania 0.789533333333333 30 0.0582715008910184 0.0106388718325644
Low human development 0.428766666666667 30 0.0572301363422028 0.0104487455479069
Luxembourg 0.864966666666667 30 0.03702420767583 0.00675966457260267
Madagascar 0.49475 20 0.0221689090014775 0.00495711875143106
Malawi 0.396633333333333 30 0.0578907909616108 0.0105693640271635
Malaysia 0.737133333333333 30 0.0494261785538472 0.00902394430840672
Maldives 0.64928 25 0.0518953434006045 0.0103790686801209
Mali 0.344066666666667 30 0.0674009788803025 0.012305678843557
Malta 0.815566666666667 30 0.046486693189322 0.00848727016120449
Marshall Islands 0.697333333333333 3 0.00115470053837925 0.000666666666666667
Mauritania 0.464266666666667 30 0.0449735043325959 0.00821100093767303
Mauritius 0.711066666666667 30 0.0585449625815762 0.0106887988780751
Medium human development 0.534166666666667 30 0.0651105602607693 0.0118875075288743
Mexico 0.718233333333333 30 0.0372907341115016 0.00680832541959894
Micronesia (Federated States of) 0.5859 20 0.0228447851932627 0.00510824926235161
Moldova (Republic of) 0.655266666666667 30 0.0398574471329264 0.0072769409597578
Mongolia 0.6436 30 0.0701626681362674 0.0128098920109942
Montenegro 0.788588235294118 17 0.0242101704442818 0.00587182882094004
Morocco 0.571566666666667 30 0.0726269083473333 0.0132597986612316
Mozambique 0.3375 30 0.0784024762100156 0.0143142682614959
Myanmar 0.4696 30 0.0762837714923918 0.0139274474726508
Namibia 0.583433333333333 30 0.0356995927083241 0.00651782407336536
Nepal 0.4812 30 0.0654398381247471 0.0119476251668035
Netherlands 0.8901 30 0.0323188319181205 0.00590058442459086
New Zealand 0.8811 30 0.030360307571928 0.00554300843664663
Nicaragua 0.5826 30 0.0524026848483009 0.00956737752174953
Niger 0.287733333333333 30 0.0544400545575579 0.00993934863766214
Nigeria 0.499352941176471 17 0.0278297079944944 0.00674969562302333
North Macedonia 0.72365 20 0.0307934972629646 0.00688563531449426
Norway 0.919133333333333 30 0.0316039427192605 0.00577006411114671
Oman 0.78185 20 0.0431451345064417 0.00964754536547755
Organization for Economic Co-operation and Development 0.8489 30 0.0350736663177022 0.00640354607220488
Pakistan 0.485866666666667 30 0.0529877886604682 0.00967420237388495
Palau 0.7781 20 0.0273147347935525 0.0061077603785762
Palestine, State of 0.6720625 16 0.0174067755007449 0.00435169387518623
Panama 0.734766666666667 30 0.0415166633212899 0.0075798710044726
Papua New Guinea 0.467633333333333 30 0.053472831215122 0.00976275862339623
Paraguay 0.6635 30 0.0420268797401098 0.00767302335173834
Peru 0.6948 30 0.046455317798118 0.00848154182470015
Philippines 0.6514 30 0.0391879643733141 0.00715471068999098
Poland 0.8004 30 0.051438346088068 0.00939131415773082
Portugal 0.797233333333333 30 0.0395663417856497 0.00722379263798653
Qatar 0.821 30 0.0314182024991224 0.00573615274167817
Romania 0.749133333333333 30 0.0515475898853526 0.00941125925507759
Russia 0.756033333333333 30 0.0429389970919719 0.00783955243464057
Rwanda 0.387266666666667 30 0.11903286516129 0.0217323284444364
Saint Kitts and Nevis 0.752666666666667 15 0.0214764544382469 0.00554519669166085
Saint Lucia 0.72005 20 0.0199274341443887 0.00445590973640035
Saint Vincent and the Grenadines 0.70725 20 0.0164152528556763 0.00367056212531397
Samoa 0.6618 30 0.0343525334105672 0.00627188581880585
Sao Tome and Principe 0.514966666666667 30 0.0565755420126311 0.0103292335211331
Saudi Arabia 0.7782 30 0.0546350904039545 0.00997495714852663
Senegal 0.435366666666667 30 0.051963835788797 0.00948725501200612
Serbia 0.739433333333333 30 0.0377858606408246 0.00689872274257542
Seychelles 0.7565 20 0.036199011327005 0.0080943450045468
Sierra Leone 0.3451 30 0.0651361174242328 0.0118921736071859
Singapore 0.8482 30 0.0710999296764772 0.0129810117736125
Slovakia 0.795066666666667 30 0.0439340676337916 0.00802122662866176
Slovenia 0.8459 30 0.0447686389616968 0.00817359780937534
Small Island Developing States 0.6655 30 0.0431674765822923 0.00788126689156584
Solomon Islands 0.521904761904762 21 0.028535775373914 0.0062270166983437
South Africa 0.651966666666667 30 0.0301015331644515 0.00549576290988665
South Asia 0.5427 30 0.0653004462148772 0.011922175802347
South Sudan 0.4266 10 0.0116923526764767 0.00369744656636322
Spain 0.8379 30 0.0404903990322781 0.00739250163745468
Sri Lanka 0.7114 30 0.052382940102605 0.00956377264087958
Sub-Saharan Africa 0.464266666666667 30 0.0505043073160227 0.00922078278938628
Sudan 0.4307 30 0.0572641489818952 0.0104549553779068
Suriname 0.7069375 16 0.0202269416043718 0.00505673540109294
Sweden 0.8927 30 0.0355335198718444 0.00648750346045575
Switzerland 0.898333333333333 30 0.0391736481916566 0.00715209692478059
Syrian Arab Republic 0.592166666666667 30 0.0367029861918931 0.00670101782170017
Tajikistan 0.591766666666667 30 0.0468222488621141 0.00854853396496683
Tanzania (United Republic of) 0.440833333333333 30 0.0592225978149728 0.0108125175791056
Thailand 0.6791 30 0.0606376177768815 0.0110708636965914
Timor-Leste 0.58045 20 0.0499920783198382 0.0111785685459652
Togo 0.448033333333333 30 0.0384550640881404 0.00702090201712712
Tonga 0.6814 30 0.0209376743430724 0.00382267884646596
Trinidad and Tobago 0.744 30 0.0477052733295626 0.00870975143818367
Tunisia 0.672433333333333 30 0.0558246536399733 0.0101921406878421
Turkey 0.693966666666667 30 0.0774140160762731 0.0141338009573475
Turkmenistan 0.6961 10 0.0132115269535525 0.00417785165419314
Uganda 0.425566666666667 30 0.0783082694066933 0.0142970685310792
UK 0.873966666666667 30 0.0413767245360642 0.00755432179469327
Ukraine 0.7092 30 0.0319238317637899 0.00582846759300921
United Arab Emirates 0.8022 30 0.0424291701870143 0.00774647120255113
Uruguay 0.7555 30 0.0373212983475231 0.00681390566010623
USA 0.896571428571429 28 0.0187249656508187 0.00353868588716378
Uzbekistan 0.6595 20 0.0382601895612549 0.00855523846909938
Vanuatu 0.5862 15 0.00807288229639382 0.0020844092459884
Venezuela (Bolivarian Republic of) 0.707433333333333 30 0.0445000452020951 0.00812455952239567
Very high human development 0.840533333333333 30 0.0374955016459063 0.00684571068547832
Viet Nam 0.603933333333333 30 0.0691030880757814 0.0126164400441239
World 0.6664 30 0.0450215274178307 0.00821976871336106
Yemen 0.454333333333333 30 0.040253792567806 0.00734930340484038
Zambia 0.486133333333333 30 0.06516595966339 0.0118976220297035
Zimbabwe 0.481866666666667 30 0.0439237060597462 0.00801933487271646
